0
240
160
2
0
3
0
120.00000000000000000
40.00000000000000000
255
0.00000000000000000
0.00000000000000000
0
0
0
0
1
120.00000000000000000
37.00000000000000000
255
0.00000000000000000
0.00000000000000000
0
0
0
0
2
120.00000000000000000
43.00000000000000000
255
0.00000000000000000
0.00000000000000000
0
0
0
0
1
3
3
120.00000000000000000
120.00000000000000000
255
0.00000000000000000
0.00000000000000000
0
0
0
0
4
120.00000000000000000
117.00000000000000000
255
0.00000000000000000
0.00000000000000000
0
0
0
0
5
120.00000000000000000
123.00000000000000000
255
0.00000000000000000
0.00000000000000000
0
0
0
0
12
0
129.06550197356534682
89.06550197356534682
1507
5.91027792036808464
2
0
851
0
0
0
1
110.93449802643465318
89.06550197356534682
1507
5.91027792036808464
2
0
851
0
0
0
2
110.93449802643465318
70.93449802643465318
1507
5.91027792036808464
2
0
851
0
0
0
3
129.06550197356534682
70.93449802643465318
1507
5.91027792036808464
2
0
851
0
0
0
4
157.52401171895502330
111.74233405091645466
1464
5.74300733086479998
2
0
826
0
0
0
5
99.00122516631680014
136.72234329609477754
1464
5.74300733086479998
2
0
826
0
0
0
6
82.47598828104497670
48.25766594908354534
1464
5.74300733086479998
2
0
826
0
0
0
7
140.99877483368317144
23.27765670390519404
1464
5.74300733086479998
2
0
826
0
0
0
8
49.76824213609752690
109.73279904444419230
1824
7.15543962716109139
3
0
1030
0
0
0
9
25.17647872312390689
57.97817761894583555
1824
7.15543962716109139
3
0
1030
0
0
0
10
190.23175786390243047
50.26720095555579348
1824
7.15543962716109139
3
0
1030
0
0
